1
8
3141 1054 2544 110 4092 3968 1855 427 1914 2701 118 3343 3311 4086 152 25
956 1276 1106 1450 2196 1173 2027 3733 3971 192 983 5 2195 364 633 1416
1213 865 3952 3003 3382 1878 1552 1029 3723 1291 403 679 3265 594 1178 1135
478 358 4060 3 3313 433 1425 2068 4 1533 2152 948 3129 1 3297 2473
3746 3981 2096 2830 2051 1953 500 175 2900 1 6 1892 3767 2779 535 2518
3859 3766 318 2915 1665 1493 312 739 3248 3911 271 1417 241 2653 1128 705
3348 2621 2745 1555 1954 2350 491 1253 1007 0 2519 965 3593 3280 468 1514
6 3130 1093 2936 3380 1089 4022 3257 3155 5 888 4081 2186 880 2897 2118
2049 9 1483 1965 1459 412 1173 2189 808 1424 2713 1824 319 3201 746 1895
1989 1840 4090 13 2636 2213 3839 3656 4067 9 2391 3230 2295 1702 3173 1739
2697 313 3160 3023 496 1155 1060 661 1697 3586 0 2446 573 4091 3392 716
94 4058 1228 4 4 1835 2471 1605 795 3776 3558 3094 2048 3653 2834 3079
1174 1958 1672 3871 90 1889 3850 2249 364 3203 3925 3701 70 2963 3402 6
632 2625 4087 3491 3882 4040 553 4056 3992 487 1010 1471 3221 3985 2154 2877
838 866 3677 249 1416 2873 2257 2631 1642 1876 3082 3732 3557 507 893 304
565 4 1303 3480 431 336 735 615 1861 804 1486 2925 0 2432 2592 2204
